62.3
62.8
68.6
68.6
67.6
67.6
68.1
68.6
68.6
68.6
68.6
70.1
68.1
68.6
68.1
67.6
68.6
69.1
67.6
69.1
69.6
69.6
70.1
69.6
69.6
68.1
69.6
69.6
69.1
69.1
69.1
70.1
70.1
70.1
70.1
71.1
71.1
70.6
69.1
69.6
70.1
70.6
70.6
69.6
69.1
69.6
71.1
71.1
71.1
71.5
70.1
70.1
69.6
69.6
71.1
70.6
70.1
70.1
70.6
70.1
71.1
71.1
70.6
70.6
71.1
71.5
71.1
70.1
71.5
70.6
70.6
70.6
70.6
71.1
71.1
71.1
70.1
70.6
70.1
69.6
69.6
69.6
69.6
69.6
71.1
69.6
68.6
70.1
70.1
69.6
69.6
70.1
70.6
70.1
69.6
70.1
69.6
70.1
70.1
70.6
69.6
68.6
67.6
67.2
67.2
65.7
66.2
66.7
66.7
65.7
66.2
65.7
66.2
66.2
65.2
64.7
66.2
64.7
64.7
65.2
64.2
65.2
63.7
63.7
63.7
64.2
64.7
63.3
63.7
63.7
63.7
62.8
63.7
66.7
65.2
64.7
67.2
52.5
52.5
54.0
54.0
56.0
56.0
56.0
56.9
56.9
56.4
57.4
57.9
57.4
58.9
60.3
59.9
59.9
59.9
59.4
60.3
58.9
59.4
59.9
60.8
61.8
62.3
64.7
62.8
62.3
62.3
61.8
61.8
62.3
61.8
62.8
62.8
62.8
62.3
61.8
62.8
62.3
62.8
62.8
63.7
62.8
63.3
67.2
67.6
68.1
68.6
68.6
68.6
69.6
68.1
68.6
69.1
67.6
69.1
69.6
69.1
69.6
69.6
69.6
68.6
69.6
69.6
69.6
70.1
69.6
69.1
68.6
69.1
68.6
70.6
70.1
69.6
69.6
69.1
70.1
70.1
69.1
70.1
68.6
69.6
68.6
69.1
69.1
68.6
68.6
69.6
69.1
69.6
69.1
68.6
69.6
69.6
69.6
70.1
69.1
68.6
70.1
70.6
68.6
68.6
68.6
69.1
68.6
69.1
69.6
69.6
68.6
68.6
68.6
69.1
69.6
69.6
70.1
70.1
69.1
69.6
69.6
69.1
70.1
69.6
69.6
69.6
69.6
71.1
70.1
69.6
70.6
70.1
70.1
70.1
70.1
70.1
70.1
71.1
69.6
70.1
70.1
70.1
68.6
69.1
70.1
69.6
69.6
69.1
70.1
69.6
70.6
70.6
70.6
70.1
71.5
70.1
71.5
69.6
69.6
70.1
69.6
70.6
70.1
71.1
71.5
71.5
71.1
70.6
70.6
71.1
70.6
70.6
70.1
71.1
71.5
70.6
71.5
70.1
70.1
71.1
71.1
70.1
70.6
69.6
70.6
70.1
70.6
71.5
70.1
70.1
71.5
70.6
71.1
71.1
70.1
70.6
70.6
71.1
70.6
71.1
71.1
71.5
70.1
69.1
69.1
67.6
67.6
67.2
67.2
67.2
66.7
65.2
66.7
66.2
66.2
66.2
66.2
66.7
66.2
65.2
65.2
65.7
64.7
64.2
64.7
65.2
64.7
65.7
65.7
65.2
64.7
64.2
64.7
64.7
63.3
64.2
64.2
63.7
64.2
64.7
64.2
63.3
63.7
64.7
63.7
63.7
62.8
64.2
63.7
64.2
63.7
64.7
64.2
63.3
65.2
67.6
66.7
68.1
69.1
68.1
69.1
67.6
68.6
68.1
70.6
71.5
73.0
73.5
72.5
74.0
74.5
74.0
73.5
73.0
70.6
70.1
70.1
70.6
70.6
71.5
36.0
38.4
37.4
36.5
37.4
37.4
37.0
36.5
35.0
37.0
35.5
34.5
45.2
45.2
44.8
45.7
44.8
46.2
46.2
44.3
44.3
44.8
44.8
44.3
44.3
45.2
46.7
45.7
44.8
45.2
44.8
45.7
44.3
44.3
44.8
46.7
46.2
45.2
45.2
43.8
44.8
45.7
45.2
46.2
45.7
46.7
46.2
45.7
44.8
46.7
44.3
45.7
46.7
46.7
45.7
44.8
46.7
46.2
45.7
46.7
45.2
45.7
44.8
45.7
46.7
46.2
45.2
46.2
46.2
45.2
46.2
46.2
46.2
46.2
44.8
46.2
45.2
47.2
45.7
44.3
46.2
45.7
46.2
46.2
46.7
44.8
47.7
45.7
46.7
46.2
46.2
47.2
47.2
46.2
46.2
47.2
46.7
46.2
46.7
47.2
47.7
47.2
46.7
47.2
47.2
46.2
46.7
45.7
46.7
46.7
47.2
45.7
46.2
48.2
47.2
47.2
47.2
47.7
48.2
46.7
47.2
47.2
46.7
46.2
46.7
46.7
48.2
46.7
46.7
46.7
46.7
46.7
46.7
46.7
47.2
47.7
47.7
47.2
47.7
47.2
47.2
46.2
47.2
46.2
46.2
45.7
45.7
46.2
45.2
47.2
45.7
47.7
47.7
46.7
46.7
46.2
46.7
44.3
45.7
46.2
45.2
45.2
45.7
47.2
45.7
46.7
46.7
46.2
46.2
46.2
46.2
46.2
45.7
47.7
46.2
47.2
47.2
46.2
46.2
46.7
47.2
46.7
46.7
47.7
47.2
47.2
47.2
46.2
47.2
47.2
46.7
47.2
47.2
45.7
46.7
47.2
47.2
49.1
49.1
50.6
49.6
51.1
49.1
48.2
49.6
49.6
49.1
50.1
49.6
49.6
50.1
50.1
50.6
50.1
49.6
49.6
50.6
51.6
50.6
50.6
50.1
50.1
49.6
49.1
49.6
46.2
46.7
47.2
46.7
46.2
45.7
45.7
45.7
46.2
47.2
45.7
46.2
45.7
46.2
46.7
45.7
45.7
47.2
46.7
46.7
45.7
47.7
45.2
46.7
46.7
46.7
46.2
46.2
45.7
46.7
46.2
46.7
46.7
46.2
46.2
46.2
45.2
46.7
47.2
46.7
46.7
47.2
46.7
46.7
47.2
47.2
46.2
46.7
46.7
46.2
46.2
46.2
46.7
47.2
46.2
46.2
46.2
47.2
46.7
46.7
46.7
46.2
47.2
46.7
47.7
47.2
46.7
46.2
46.2
46.7
46.7
46.7
46.7
46.7
46.2
46.7
46.2
46.2
45.7
46.2
46.2
46.7
46.2
45.7
44.3
45.2
44.8
44.3
44.3
44.8
43.3
43.3
42.3
42.3
42.8
43.3
43.3
42.3
42.3
41.8
41.3
42.3
41.3
41.3
41.8
40.4
40.9
41.3
41.3
40.9
40.4
40.4
41.3
41.3
40.4
40.4
41.3
40.4
39.9
39.9
39.9
40.4
40.4
40.9
40.4
40.4
39.4
39.4
39.9
39.4
39.9
39.9
39.4
39.4
38.9
38.9
38.4
39.4
39.4
37.9
38.9
39.4
39.4
38.9
38.4
39.4
38.4
39.4
39.4
39.4
38.4
37.9
37.9
37.9
38.4
38.4
38.9
39.4
37.9
38.9
37.9
37.4
37.9
38.4
37.9
37.0
37.0
37.0
37.9
37.4
37.4
37.9
38.4
38.4
37.0
37.0
37.9
36.5
37.0
37.9
37.0
44.3
44.3
44.8
45.2
44.3
45.2
43.3
43.8
44.3
43.3
43.8
43.8
44.3
43.8
44.8
44.3
44.3
44.3
44.3
44.8
44.3
45.2
44.8
45.7
45.2
45.2
44.8
43.8
43.8
44.3
45.2
44.8
43.8
45.7
43.8
44.8
44.8
45.7
45.7
47.2
46.2
45.7
46.2
46.2
46.2
45.7
44.3
44.8
45.2
44.8
48.7
48.2
47.2
47.7
48.2
48.7
47.7
48.2
47.2
46.7
48.2
47.2
46.7
47.2
47.7
46.7
46.7
47.7
48.2
47.7
46.7
47.7
47.7
48.7
47.2
48.2
47.2
44.3
44.3
44.8
44.8
44.8
45.2
43.8
44.8
44.8
44.8
43.8
44.3
43.8
43.3
43.8
44.3
44.8
42.8
43.3
43.3
43.8
42.8
42.8
43.8
43.3
43.3
42.8
42.3
43.3
42.3
42.8
42.8
43.3
43.3
43.3
41.8
42.3
42.3
40.4
42.3
41.3
41.3
42.8
41.3
42.8
41.3
41.8
42.3
41.3
41.3
40.9
41.3
41.3
42.3
40.9
41.3
41.3
41.3
40.4
40.9
40.4
40.4
40.9
40.4
39.9
38.9
39.4
39.9
40.9
40.4
40.4
40.4
40.4
40.4
39.9
39.4
38.9
39.4
39.9
38.9
39.4
39.9
39.4
39.9
39.4
40.4
39.4
39.4
39.4
38.4
39.9
39.9
39.4
39.9
39.4
38.9
39.9
38.4
39.4
39.9
38.4
39.4
39.4
38.4
38.4
38.9
39.4
38.9
38.4
39.4
38.4
38.9
38.9
37.4
37.4
37.4
37.4
37.4
38.4
38.4
37.9
37.9
37.9
37.9
39.4
39.9
39.9
39.9
39.9
39.9
41.3
40.4
40.9
40.4
39.9
41.8
40.4
39.4
40.9
40.9
40.4
40.4
41.8
41.3
40.4
40.9
40.4
40.4
40.9
41.8
41.8
42.3
41.3
41.8
41.3
41.3
41.8
40.9
41.3
40.4
40.4
40.9
41.3
40.4
40.9
40.9
41.3
40.9
40.9
39.9
39.9
39.9
41.8
40.4
41.3
41.3
40.4
39.9
40.9
41.3
41.8
39.9
40.4
40.4
39.9
40.9
39.9
39.4
40.4
39.4
40.9
40.4
40.9
41.8
37.9
37.0
37.4
39.4
38.4
38.4
36.5
37.4
36.5
36.5
36.5
37.0
37.0
36.5
37.0
37.0
36.5
36.5
36.0
36.0
36.5
36.0
36.5
35.5
35.5
36.5
37.0
35.5
36.0
36.5
35.5
35.5
36.5
36.5
36.0
36.0
36.5
35.5
36.5
35.5
34.5
36.5
35.5
35.5
35.0
36.0
35.0
37.0
36.0
35.5
34.5
36.0
35.0
35.0
36.0
35.0
35.0
35.5
36.0
35.5
35.5
36.0
34.5
36.0
34.5
35.0
34.5
36.5
35.0
34.0
35.0
35.0
35.0
34.0
34.0
34.5
35.0
34.5
34.5
35.0
34.0
34.5
34.0
35.5
34.0
33.1
33.1
32.6
31.6
31.6
31.6
30.1
29.2
29.2
30.1
29.2
29.2
30.1
30.1
28.7
29.2
28.7
30.1
29.2
29.7
29.2
29.2
27.7
28.2
28.7
28.7
27.7
27.7
29.2
27.7
27.7
28.2
28.2
27.2
28.7
27.2
27.2
28.7
27.7
27.7
26.7
27.2
27.7
28.2
27.2
26.7
28.2
27.2
27.7
27.2
27.2
27.2
28.7
27.2
26.7
27.2
26.7
27.2
27.2
27.2
27.2
25.8
27.2
27.2
27.2
26.2
27.2
27.2
26.7
26.7
26.7
26.7
26.2
25.8
26.7
27.7
26.2
26.7
27.2
25.8
26.2
25.8
25.8
25.8
25.8
26.2
26.7
26.7
26.2
26.7
25.8
26.2
25.3
25.8
26.2
25.3
26.7
25.3
25.8
26.2
24.8
24.8
25.8
26.2
25.8
26.2
26.7
25.8
25.3
26.7
25.8
26.7
26.7
25.8
26.7
25.8
25.8
25.3
26.7
25.3
25.8
25.8
26.2
26.2
26.2
25.3
25.8
25.8
25.3
24.8
25.3
25.3
24.3
25.8
24.8
25.8
24.3
26.2
25.8
25.3
25.8
24.8
25.3
25.8
25.8
25.3
25.3
26.2
24.8
25.3
25.3
25.8
25.8
25.3
26.2
25.8
24.3
25.8
24.8
25.3
24.8
25.8
25.3
24.8
26.2
25.8
25.3
25.3
24.8
25.3
25.8
25.3
26.2
26.2
26.2
24.8
25.3
25.3
25.8
25.8
25.3
25.8
25.8
25.8
25.3
26.2
25.8
26.2
24.8
25.3
24.3
26.2
25.8
26.2
25.8
25.8
25.8
25.3
25.8
26.2
24.8
25.8
24.8
25.8
25.8
25.8
25.3
25.8
26.2
25.3
24.8
25.3
25.3
25.8
26.7
25.3
25.8
25.8
25.8
26.2
25.8
25.3
26.2
25.3
25.8
25.8
26.2
26.2
25.8
24.8
25.8
24.8
26.2
25.3
24.8
26.2
26.2
24.3
25.3
25.3
25.8
25.3
25.3
25.3
25.8
25.8
26.2
25.8
26.2
26.2
25.3
25.3
25.8
25.8
25.3
25.8
25.3
25.8
24.8
25.8
24.8
25.8
25.8
25.8
25.8
25.8
25.8
24.8
25.8
24.8
25.3
25.8
26.2
25.3
25.3
25.8
25.3
26.7
25.3
24.8
24.8
26.2
25.8
25.3
25.3
24.3
26.2
25.8
25.8
24.8
25.3
25.8
25.8
25.3
25.3
25.3
24.3
25.8
24.8
24.8
25.3
25.8
25.8
24.3
25.3
25.8
25.3
25.8
25.3
25.8
25.3
25.3
24.8
25.8
25.3
24.8
25.8
25.3
24.8
24.3
24.8
24.8
24.3
25.8
25.3
25.8
25.8
25.3
23.8
23.8
25.3
25.3
23.8
25.8
24.3
24.8
24.3
23.8
24.3
25.3
24.3
23.8
23.8
23.8
24.3
24.8
24.3
24.3
24.3
24.8
23.8
23.8
23.8
24.8
23.3
24.3
24.8
24.3
24.3
24.8
24.3
23.3
25.3
24.8
24.3
23.8
23.3
24.8
23.8
23.8
24.3
25.3
24.8
23.8
23.8
24.8
23.8
24.3
23.8
23.3
24.3
22.8
23.8
23.3
23.3
24.3
23.8
24.3
23.3
23.3
23.8
24.3
23.3
23.3
23.3
23.3
23.8
23.3
23.3
23.8
24.3
22.8
23.8
23.8
23.3
23.8
23.8
23.3
23.8
23.8
22.8
24.3
22.8
22.8
23.8
23.3
23.3
23.8
22.3
24.3
24.3
23.8
22.3
24.8
22.8
23.8
23.8
22.3
22.8
23.8
23.3
23.3
23.3
22.8
23.8
23.3
24.3
23.3
22.8
23.8
23.8
22.3
22.8
23.3
22.3
23.8
22.8
22.8
23.3
23.3
23.8
22.8
22.3
22.3
23.8
23.3
23.8
23.3
23.3
22.8
22.8
23.3
22.8
23.3
22.8
24.3
23.3
23.3
22.8
22.8
22.3
22.8
23.3
23.8
23.3
23.3
23.3
22.3
22.8
22.3
22.8
22.8
22.3
22.3
23.3
23.3
22.8
22.8
23.3
23.3
22.3
23.8
23.3
23.3
22.8
22.8
22.8
21.9
23.8
23.8
23.3
23.8
22.8
21.9
23.8
22.3
22.8
23.3
22.3
22.3
22.8
22.8
22.3
22.8
21.9
22.3
21.9
22.8
23.8
23.3
23.3
22.8
22.3
23.3
22.8
23.3
22.8
23.3
22.8
22.8
22.3
22.8
22.8
22.8
22.3
22.8
22.3
22.3
23.8
22.8
22.8
22.8
22.8
22.8
22.8
22.8
23.3
22.8
22.3
22.8
23.3
23.3
22.3
23.3
21.9
23.3
23.3
22.8
22.8
22.8
22.3
22.3
22.3
23.8
22.8
22.3
22.3
22.3
23.8
22.3
21.9
21.4
22.3
22.3
23.3
22.3
21.4
24.3
22.8
22.8
22.8
22.3
21.9
22.8
22.8
22.8
22.8
22.3
22.3
22.8
22.3
23.8
22.8
24.3
22.3
22.8
21.9
21.9
21.9
23.8
21.9
23.3
22.8
22.8
22.8
22.8
22.8
22.8
22.3
22.8
21.9
22.3
21.9
22.8
22.3
22.8
22.3
22.3
22.3
22.8
23.3
23.3
21.9
22.8
22.3
22.3
22.3
22.8
21.9
22.3
22.3
22.3
23.3
22.8
21.9
21.9
22.8
22.3
21.9
22.8
20.9
21.9
22.8
23.3
21.4
23.3
22.8
22.8
21.9
22.8
22.3
22.8
22.8
21.9
22.8
21.9
22.3
23.3
22.8
22.8
21.9
22.3
23.3
22.3
22.8
21.9
22.3
23.3
22.3
21.9
22.8
22.3
22.8
22.3
22.3
22.3
23.3
22.8
21.9
23.3
22.8
21.4
22.8
21.9
23.3
22.8
22.3
23.3
22.3
21.9
21.9
22.3
22.8
22.8
22.3
22.3
24.3
22.3
22.8
22.3
22.3
22.3
23.3
22.8
22.8
22.3
22.8
22.3
22.8
22.8
23.3
22.8
22.3
23.3
22.8
23.3
22.3
23.3
22.8
22.3
21.9
23.8
23.8
22.8
22.8
23.3
23.8
22.8
22.8
22.3
22.8
21.9
23.8
22.3
22.8
23.3
23.3
23.3
22.3
23.3
22.3
22.3
23.8
23.8
22.8
23.8
23.3
22.8
23.3
23.8
22.8
23.3
23.3
24.3
23.8
23.8
24.3
24.3
22.8
23.3
22.8
23.3
23.3
22.8
24.3
23.3
23.3
23.8
24.8
23.8
23.8
24.3
23.8
22.8
24.3
23.8
23.8
24.3
23.8
23.8
24.3
24.3
25.3
23.8
24.8
23.3
23.8
24.3
24.8
24.8
24.8
24.3
24.3
24.8
25.3
23.8
24.8
25.3
24.3
25.3
24.3
24.3
23.8
25.3
25.3
24.8
25.3
23.8
24.8
24.8
24.8
25.3
24.8
25.8
25.3
25.3
25.8
25.8
24.8
26.2
26.7
24.8
25.3
24.8
25.3
25.3
25.3
24.8
24.8
24.8
25.8
26.2
25.3
26.2
25.3
25.8
27.2
26.7
25.8
25.3
26.2
26.7
26.7
26.2
26.2
27.2
26.7
26.2
26.7
26.7
26.7
27.2
25.8
26.7
26.2
26.2
26.2
26.2
26.2
27.2
26.7
27.2
26.7
27.2
26.2
26.2
27.7
27.2
27.7
25.3
26.7
27.2
27.2
27.7
26.7
28.2
27.7
27.2
26.7
27.2
28.2
27.7
27.2
27.7
27.2
28.2
26.7
28.7
27.7
27.7
28.2
28.7
30.1
28.7
30.1
29.7
29.2
30.6
29.7
30.6
29.2
29.7
30.6
30.1
29.7
30.1
28.7
30.1
29.2
28.7
29.7
30.1
30.6
30.1
31.1
31.1
31.1
32.6
32.6
31.6
33.1
32.6
32.1
32.1
32.1
32.1
33.1
34.5
33.6
31.1
32.6
31.6
31.6
32.1
33.1
32.6
33.6
33.6
34.0
35.0
34.0
36.0
35.0
34.0
33.1
34.0
34.5
34.5
35.0
35.5
35.0
33.6
35.0
35.5
35.0
36.0
36.0
36.0
36.0
37.4
35.0
35.0
35.5
35.0
35.5
35.0
34.0
34.0
35.0
34.5
35.0
36.5
35.5
37.4
36.0
37.0
38.4
38.9
37.4
37.9
36.5
37.4
38.4
36.5
37.0
38.4
38.4
37.9
38.9
38.4
37.4
37.9
38.9
37.9
37.0
37.9
38.9
38.9
37.9
39.4
41.3
41.8
40.4
41.3
39.9
40.4
39.9
38.4
40.4
39.9
40.4
39.9
41.8
42.3
43.3
43.3
42.3
42.3
39.4
40.4
40.9
41.8
40.4
40.4
39.9
39.4
40.4
38.9
40.4
42.3
40.4
41.3
41.3
41.3
40.9
40.9
42.3
43.3
43.8
42.8
42.8
42.3
41.8
42.3
41.3
41.3
42.8
41.3
42.8
42.3
40.9
40.9
41.3
41.3
41.8
41.3
41.8
41.3
42.3
41.8
40.4
40.9
39.9
38.4
39.4
39.4
39.4
39.4
39.4
39.9
39.9
38.9
38.4
38.9
38.4
37.9
38.4
38.4
37.9
38.4
39.4
38.4
38.4
37.4
38.9
39.4
39.9
40.4
37.9
39.4
38.9
39.4
38.4
39.9
39.4
37.9
38.4
39.4
39.4
37.0
37.4
37.9
36.5
37.4
37.9
37.9
38.9
37.9
37.4
38.9
38.4
38.4
37.4
37.9
38.9
37.9
37.4
37.9
39.4
37.4
37.9
35.5
35.5
36.5
36.0
36.5
37.4
36.5
36.5
36.5
36.5
36.0
36.5
36.5
36.5
36.5
37.0
36.0
36.0
37.0
36.5
36.5
36.5
36.5
36.5
35.5
35.5
37.0
37.4
37.0
37.0
37.4
37.0
37.0
35.5
35.5
36.5
36.0
36.0
37.4
37.0
37.0
36.5
37.4
37.4
37.9
38.4
39.9
38.4
37.4
37.4
38.4
39.4
38.9
40.4
38.4
37.4
36.5
37.4
36.5
38.9
38.9
39.4
40.9
40.9
38.4
38.9
37.9
37.0
37.4
38.4
37.9
40.4
39.9
39.4
38.9
39.9
39.9
40.4
40.4
39.4
39.4
39.9
37.9
38.9
39.4
40.4
39.9
39.9
39.9
40.4
41.8
39.9
40.4
40.4
40.9
39.4
38.4
39.4
38.9
37.9
38.4
39.4
38.4
38.9
37.9
37.4
37.9
38.4
39.9
38.4
38.9
38.9
38.9
39.4
38.4
38.9
39.4
38.9
38.4
38.9
37.4
37.0
37.4
36.5
37.9
36.5
37.4
37.0
38.4
37.9
37.0
37.4
37.9
37.0
37.0
37.9
37.9
36.5
36.5
37.9
37.9
37.0
37.9
37.9
37.9
36.5
37.0
38.4
37.0
38.4
37.0
37.9
37.4
37.4
38.4
38.4
37.0
39.4
37.9
37.9
37.9
37.0
37.0
37.4
36.0
37.9
37.0
37.0
36.0
36.5
37.9
37.0
37.0
37.0
36.5
36.5
36.0
36.5
36.5
36.5
37.0
36.0
36.0
37.4
37.4
37.0
36.5
36.0
37.4
36.5
36.5
37.0
36.0
37.9
37.0
37.9
38.9
38.4
37.4
38.9
38.4
37.9
36.5
37.4
37.9
38.9
39.9
39.4
38.4
38.4
38.9
39.4
38.9
38.9
39.4
38.4
37.9
39.4
38.9
37.9
39.9
38.9
38.9
38.9
38.4
38.4
37.9
37.4
38.4
38.4
38.9
38.4
38.9
38.9
37.4
38.9
37.9
38.9
38.4
38.4
39.4
39.4
39.9
38.9
38.9
38.4
38.9
38.9
38.9
42.8
41.3
42.8
42.8
43.8
43.8
43.3
43.3
41.3
42.3
42.3
42.8
43.8
43.3
42.8
42.3
41.8
40.4
42.8
41.8
42.3
42.3
42.3
42.8
43.3
42.3
42.3
42.3
41.3
42.8
42.3
42.8
42.3
42.8
43.3
43.3
42.8
42.8
43.8
43.3
42.8
43.8
42.8
42.8
42.8
42.3
42.3
42.8
43.8
42.8
45.7
46.7
46.7
45.2
45.7
46.2
46.2
47.2
47.2
47.7
46.7
46.2
47.7
47.2
48.2
48.7
47.2
48.7
47.7
47.7
47.7
48.7
48.2
47.2
46.7
47.7
47.7
48.2
46.7
47.2
46.7
43.8
42.8
42.8
42.3
40.9
40.9
41.8
39.9
39.9
40.4
39.9
39.9
40.4
40.4
39.4
39.4
41.3
39.4
37.9
38.9
38.4
39.4
38.4
38.9
37.4
38.9
38.9
37.9
38.9
38.4
38.9
37.9
37.9
38.4
37.9
37.9
37.9
38.4
38.4
37.4
37.9
37.0
37.9
37.4
37.9
38.4
37.9
36.5
37.9
37.4
36.5
37.0
37.9
36.5
37.4
37.4
37.4
36.5
36.5
36.0
36.5
36.0
37.4
36.5
37.0
35.0
36.0
36.5
36.0
35.5
35.5
36.0
35.0
35.0
36.0
35.5
34.5
35.5
34.5
36.0
34.0
35.0
35.0
35.0
35.0
33.6
34.0
34.5
35.0
34.5
34.5
35.0
34.5
34.5
34.5
33.6
34.0
35.0
34.5
33.6
33.6
34.5
34.5
33.6
33.6
33.1
34.0
33.6
33.6
33.1
33.6
33.1
33.1
32.1
32.1
32.6
32.1
33.1
33.1
32.6
32.6
32.1
33.6
32.6
32.1
33.1
32.1
32.1
33.1
31.6
33.6
31.6
31.6
32.1
33.1
31.6
32.1
32.6
32.6
32.1
31.6
31.6
31.6
32.1
31.1
31.6
32.6
32.6
31.6
31.6
31.6
32.1
31.6
31.6
31.6
32.1
32.1
31.6
31.1
31.6
31.1
31.1
31.1
32.1
32.1
31.1
30.6
31.6
30.6
30.6
30.6
31.1
31.1
30.6
31.1
31.1
46.2
46.2
45.7
45.2
46.2
